00001
00002
00003
00004
00007
00008
00009
00010
00013
00014
00015
00016
00019
00020
00021
00022
00025
00026
00027
00028
00031
00032
00033
00034
00037
00038
00039
00040
00043
00044
00045
00046
00049
00050
00051
00052
00055
00056
00057
00058
00061
00062
00063
00064
00067
00068
00069
00070
00073
00074
00075
00076
00079
00080
00081
00082
00085
00086
00087
00088
00091
00092
00093
00094
00097
00098
00099
00100
00103
00104
00105
00106
00109
00110
00111
00112
00115
00116
00117
00118
00121
00122
00123
00124
00127
00128
00129
00130
00133
00134
00135
00136
00139
00140
00141
00142
00145
00146
00147
00148
00151
00152
00153
00154
00157
00158
00159
00160
00163
00164
00165
00166
00169
00170
00171
00172
00175
00176
00177
00178
00181
00182
00183
00184
00187
00188
00189
00190
00193
00194
00195
00196
00199
00200
00201
00202
00205
00206
00207
00208
00211
00212
00213
00214
00217
00218
00219
00220
00223
00224
00225
00226
00229
00230
00231
00232
00235
00236
00237
00238
00241
00242
00243
00244
00247
00248
00249
00250
00253
00254
00255
00256
00259
00260
00261
00262
00265
00266
00267
00268
00271
00272
00273
00274
00277
00278
00279
00280
00283
00284
00285
00286
00289
00290
00291
00292
00295
00296
00297
00298
00301
00302
00303
00304
00307
00308
00309
00310
00313
00314
00315
00316
00319
00320
00321
00322
00325
00326
00327
00328
00331
00332
00333
00334
00337
00338
00339
00340
00343
00344
00345
00346
00349
00350
00351
00352
00355
00356
00357
00358
00361
00362
00363
00364
00367
00368
00369
00370
00373
00374
00375
00376
00379
00380
00381
00382
00385
00386
00387
00388
00391
00392
00393
00394
00397
00398
00399
00400
00403
00404
00405
00406
00409
00410
00411
00412
00415
00416
00417
00418
00421
00422
00423
00424
00427
00428
00429
00430
00433
00434
00435
00436
00439
00440
00441
00442
00445
00446
00447
00448
00451
00452
00453
00454
00457
00458
00459
00460
00463
00464
00465
00466
00469
00470
00471
00472
00475
00476
00477
00478
00481
00482
00483
00484
00487
00488
00489
00490
00493
00494
00495
00496
00499
00500
00501
00502
00505
00506
00507
00508
00511
00512
00513
00514
00517
00518
00519
00520
00523
00524
00525
00526
00529
00530
00531
00532
00535
00536
00537
00538
00541
00542
00543
00544
00547
00548
00549
00550
00553
00554
00555
00556
00559
00560
00561
00562
00565
00566
00567
00568
00571
00572
00573
00574
00577
00578
00579
00580
00583
00584
00585
00586
00589
00590
00591
00592
00595
00596
00597
00598
00601
00602
00603
00604
00607
00608
00609
00610
00613
00614
00615
00616
00619
00620
00621
00622
00625
00626
00627
00628
00631
00632
00633
00634
00637
00638
00639
00640
00643
00644
00645
00646
00649
00650
00651
00652
00655
00656
00657
00658
00661
00662
00663
00664
00667
00668
00669
00670
00673
00674
00675
00676
00679
00680
00681
00682
00685
00686
00687
00688
00691
00692
00693
00694
00697
00698
00699
00700
00703
00704
00705
00706
00709
00710
00711
00712
00715
00716
00717
00718
00721
00722
00723
00724
00727
00728
00729
00730
00733
00734
00735
00736
00739
00740
00741
00742
00745
00746
00747
00748
00751
00752
00753
00754
00757
00758
00759
00760
00763
00764
00765
00766
00769
00770
00771
00772
00775
00776
00777
00778
00781
00782
00783
00784
00787
00788
00789
00790
00793
00794
00795
00796
00799
00800
00801
00802
00805
00806
00807
00808
00811
00812
00813
00814
00817
00818
00819
00820
00823
00824
00825
00826
00829
00830
00831
00832
00835
00836
00837
00838
00841
00842
00843
00844
00847
00848
00849
00850
00853
00854
00855
00856
00859
00860
00861
00862
00865
00866
00867
00868
00871
00872
00873
00874
00877
00878
00879
00880
00883
00884
00885
00886
00889
00890
00891
00892
00895
00896
00897
00898
00901
00902
00903
00904
00907
00908
00909
00910
00913
00914
00915
00916
00919
00920
00921
00922
00925
00926
00927
00928
00931
00932
00933
00934
00937
00938
00939
00940
00943
00944
00945
00946
00949
00950
00951
00952
00955
00956
00957
00958
00961
00962
00963
00964
00967
00968
00969
00970
00973
00974
00975
00976
00979
00980
00981
00982
00985
00986
00987
00988
00991
00992
00993
00994
00997
00998
00999
01000
01003
01004
01005
01006
01009
01010
01011
01012
01015
01016
01017
01018
01021
01022
01023
01024
01027
01028
01029
01030
01033
01034
01035
01036
01039
01040
01041
01042
01045
01046
01047
01048
01051
01052
01053
01054
01057
01058
01059
01060
01063
01064
01065
01066
01069
01070
01071
01072
01075
01076
01077
01078
01081
01082
01083
01084
01087
01088
01089
01090
01093
01094
01095
01096
01099
01100
01101
01102
01105
01106
01107
01108
01111
01112
01113
01114
01117
01118
01119
01120
01123
01124
01125
01126
01129
01130
01131
01132
01135
01136
01137
01138
01141
01142
01143
01144
01147
01148
01149
01150
01153
01154
01155
01156
01159
01160
01161
01162
01165
01166
01167
01168
01171
01172
01173
01174
01177
01178
01179
01180
01183
01184
01185
01186
01189
01190
01191
01192
01195
01196
01197
01198
01201
01202
01203
01204
01207
01208
01209
01210
01213
01214
01215
01216
01219
01220
01221
01222
01225
01226
01227
01228
01231
01232
01233
01234
01237
01238
01239
01240
01243
01244
01245
01246
01249
01250
01251
01252
01255
01256
01257
01258
01261
01262
01263
01264
01267
01268
01269
01270
01273
01274
01275
01276
01279
01280
01281
01282
01285
01286
01287
01288
01291
01292
01293
01294
01297
01298
01299
01300
01303
01304
01305
01306
01309
01310
01311
01312
01315
01316
01317
01318
01321
01322
01323
01324
01327
01328
01329
01330
01333
01334
01335
01336
01339
01340
01341
01342
01345
01346
01347
01348
01351
01352
01353
01354
01357
01358
01359
01360
01363
01364
01365
01366
01369
01370
01371
01372
01375
01376
01377
01378
01381
01382
01383
01384
01387
01388
01389
01390
01393
01394
01395
01396
01399
01400
01401
01402
01405
01406
01407
01408
01411
01412
01413
01414
01417
01418
01419
01420
01423
01424
01425
01426
01429
01430
01431
01432
01435
01436
01437
01438
01441
01442
01443
01444
01447
01448
01449
01450
01453
01454
01455
01456
01459
01460
01461
01462
01465
01466
01467
01468
01471
01472
01473
01474
01477
01478
01479
01480
01483
01484
01485
01486
01489
01490
01491
01492
01495
01496
01497
01498
01501
01502
01503
01504
01507
01508
01509
01510
01513
01514
01515
01516
01519
01520
01521
01522
01525
01526
01527
01528
01531
01532
01533
01534
01537
01538
01539
01540
01543
01544
01545
01546
01549
01550
01551
01552
01555
01556
01557
01558
01561
01562
01563
01564
01567
01568
01569
01570
01573
01574
01575
01576
01579
01580
01581
01582
01585
01586
01587
01588
01591
01592
01593
01594
01597
01598
01599
01600
01603
01604
01605
01606
01609
01610
01611
01612
01615
01616
01617
01618
01621
01622
01623
01624
01627
01628
01629
01630
01633
01634
01635
01636
01639
01640
01641
01642
01645
01646
01647
01648
01651
01652
01653
01654
01657
01658
01659
01660
01663
01664
01665
01666
01669
01670
01671
01672
01675
01676
01677
01678
01681
01682
01683
01684
01687
01688
01689
01690
01693
01694
01695
01696
01699
01700
01701
01702
01705
01706
01707
01708
01711
01712
01713
01714
01717
01718
01719
01720
01723
01724
01725
01726
01729
01730
01731
01732
01735
01736
01737
01738
01741
01742
01743
01744
01747
01748
01749
01750
01753
01754
01755
01756
01759
01760
01761
01762
01765
01766
01767
01768
01771
01772
01773
01774
01777
01778
01779
01780
01783
01784
01785
01786
01789
01790
01791
01792
01795
01796
01797
01798
01801
01802
01803
01804
01807
01808
01809
01810
01813
01814
01815
01816
01819
01820
01821
01822
01825
01826
01827
01828
01831
01832
01833
01834
01837
01838
01839
01840
01843
01844
01845
01846
01849
01850
01851
01852
01855
01856
01857
01858
01861
01862
01863
01864
01867
01868
01869
01870
01873
01874
01875
01876
01879
01880
01881
01882
01885
01886
01887
01888
01891
01892
01893
01894
01897
01898
01899
01900
01903
01904
01905
01906
01909
01910
01911
01912
01915
01916
01917
01918
01921
01922
01923
01924
01927
01928
01929
01930
01933
01934
01935
01936
01939
01940
01941
01942
01945
01946
01947
01948
01951
01952
01953
01954
01957
01958
01959
01960
01963
01964
01965
01966
01969
01970
01971
01972
01975
01976
01977
01978
01981
01982
01983
01984
01987
01988
01989
01990
01993
01994
01995
01996
01999
02000
02001
02002
02005
02006
02007
02008
02011
02012
02013
02014
02017
02018
02019
02020
02023
02024
02025
02026
02029
02030
02031
02032
02035
02036
02037
02038
02041
02042
02043
02044
02047
02048
02049
02050
02053
02054
02055
02056
02059
02060
02061
02062
02065
02066
02067
02068
02071
02072
02073
02074
02077
02078
02079
02080
02083
02084
02085
02086
02089
02090
02091
02092
02095
02096
02097
02098
02101
02102
02103
02104
02107
02108
02109
02110
02113
02114
02115
02116
02119
02120
02121
02122
02125
02126
02127
02128
02131
02132
02133
02134
02137
02138
02139
02140
02143
02144
02145
02146
02149
02150
02151
02152
02155
02156
02157
02158
02161
02162
02163
02164
02167
02168
02169
02170
02173
02174
02175
02176
02179
02180
02181
02182
02185
02186
02187
02188
02191
02192
02193
02194
02197
02198
02199
02200
02203
02204
02205
02206
02209
02210
02211
02212
02215
02216
02217
02218
02221
02222
02223
02224
02227
02228
02229
02230
02233
02234
02235
02236
02239
02240
02241
02242
02245
02246
02247
02248
02251
02252
02253
02254
02257
02258
02259
02260
02263
02264
02265
02266
02269
02270
02271
02272
02275
02276
02277
02278
02281
02282
02283
02284
02287
02288
02289
02290
02293
02294
02295
02296
02299
02300
02301
02302
02305
02306
02307
02308
02311
02312
02313
02314
02317
02318
02319
02320
02323
02324
02325
02326
02329
02330
02331
02332
02335
02336
02337
02338
02341
02342
02343
02344
02347
02348
02349
02350
02353
02354
02355
02356
02359
02360
02361
02362
02365
02366
02367
02368
02371
02372
02373
02374
02377
02378
02379
02380
02383
02384
02385
02386
02389
02390
02391
02392
02395
02396
02397
02398
02401
02402
02403
02404
02407
02408
02409
02410
02413
02414
02415
02416
02419
02420
02421
02422
02425
02426
02427
02428
02431
02432
02433
02434
02437
02438
02439
02440
02443
02444
02445
02446
02449
02450
02451
02452
02455
02456
02457
02458
02461
02462
02463
02464
02467
02468
02469
02470
02473
02474
02475
02476
02479
02480
02481
02482
02485
02486
02487
02488
02491
02492
02493
02494
02497
02498
02499
02500
02503
02504
02505
02506
02509
02510
02511
02512
02515
02516
02517
02518
02521
02522
02523
02524
02527
02528
02529
02530
02533
02534
02535
02536
02539
02540
02541
02542
02545
02546
02547
02548
02551
02552
02553
02554
02557
02558
02559
02560
02563
02564
02565
02566
02569
02570
02571
02572
02575
02576
02577
02578
02581
02582
02583
02584
02587
02588
02589
02590
02593
02594
02595
02596
02599
02600
02601
02602
02605
02606
02607
02608
02611
02612
02613
02614
02617
02618
02619
02620
02623
02624
02625
02626
02629
02630
02631
02632
02635
02636
02637
02638
02641
02642
02643
02644
02647
02648
02649
02650
02653
02654
02655
02656
02659
02660
02661
02662
02665
02666
02667
02668
02671
02672
02673
02674
02677
02678
02679
02680
02683
02684
02685
02686
02689
02690
02691
02692
02695
02696
02697
02698
02701
02702
02703
02704
02707
02708
02709
02710
02713
02714
02715
02716
02719
02720
02721
02722
02725
02726
02727
02728
02731
02732
02733
02734
02737
02738
02739
02740
02743
02744
02745
02746
02749
02750
02751
02752
02755
02756
02757
02758
02761
02762
02763
02764
02767
02768
02769
02770
02773
02774
02775
02776
02779
02780
02781
02782
02785
02786
02787
02788
02791
02792
02793
02794
02797
02798
02799
02800
02803
02804
02805
02806
02809
02810
02811
02812
02815
02816
02817
02818
02821
02822
02823
02824
02827
02828
02829
02830
02833
02834
02835
02836
02839
02840
02841
02842
02845
02846
02847
02848
02851
02852
02853
02854
02857
02858
02859
02860
02863
02864
02865
02866
02869
02870
02871
02872
02875
02876
02877
02878
02881
02882
02883
02884
02887
02888
02889
02890
02893
02894
02895
02896
02899
02900
02901
02902
02905
02906
02907
02908
02911
02912
02913
02914
02917
02918
02919
02920
02923
02924
02925
02926
02929
02930
02931
02932
02935
02936
02937
02938
02941
02942
02943
02944
02947
02948
02949
02950
02953
02954
02955
02956
02959
02960
02961
02962
02965
02966
02967
02968
02971
02972
02973
02974
02977
02978
02979
02980
02983
02984
02985
02986
02989
02990
02991
02992
02995
02996
02997
02998
03001
03002
03003
03004
03007
03008
03009
03010
03013
03014
03015
03016
03019
03020
03021
03022
03025
03026
03027
03028
03031
03032
03033
03034
03037
03038
03039
03040
03043
03044
03045
03046
03049
03050
03051
03052
03055
03056
03057
03058
03061
03062
03063
03064
03067
03068
03069
03070
03073
03074
03075
03076
03079
03080
03081
03082
03085
03086
03087
03088
03091
03092
03093
03094
03097
03098
03099
03100
03103
03104
03105
03106
03109
03110
03111
03112
03115
03116
03117
03118
03121
03122
03123
03124
03127
03128
03129
03130
03133
03134
03135
03136
03139
03140
03141
03142
03145
03146
03147
03148
03151
03152
03153
03154
03157
03158
03159
03160
03163
03164
03165
03166
03169
03170
03171
03172
03175
03176
03177
03178
03181
03182
03183
03184
03187
03188
03189
03190
03193
03194
03195
03196
03199
03200
03201
03202
03205
03206
03207
03208
03211
03212
03213
03214
03217
03218
03219
03220
03223
03224
03225
03226
03229
03230
03231
03232
03235
03236
03237
03238
03241
03242
03243
03244
03247
03248
03249
03250
03253
03254
03255
03256
03259
03260
03261
03262
03265
03266
03267
03268
03271
03272
03273
03274
03277
03278
03279
03280
03283
03284
03285
03286
03289
03290
03291
03292
03295
03296
03297
03298
03301
03302
03303
03304
03307
03308
03309
03310
03313
03314
03315
03316
03319
03320
03321
03322
03325
03326
03327
03328
03331
03332
03333
03334
03337
03338
03339
03340
03343
03344
03345
03346
03349
03350
03351
03352
03355
03356
03357
03358
03361
03362
03363
03364
03367
03368
03369
03370
03373
03374
03375
03376
03379
03380
03381
03382
03385
03386
03387
03388
03391
03392
03393
03394
03397
03398
03399
03400
03403
03404
03405
03406
03409
03410
03411
03412
03415
03416
03417
03418
03421
03422
03423
03424
03427
03428
03429
03430
03433
03434
03435
03436
03439
03440
03441
03442
03445
03446
03447
03448
03451
03452
03453
03454
03457
03458
03459
03460
03463
03464
03465
03466
03469
03470
03471
03472
03475
03476
03477
03478
03481
03482
03483
03484
03487
03488
03489
03490
03493
03494
03495
03496
03499
03500
03501
03502
03505
03506
03507
03508
03511
03512
03513
03514
03517
03518
03519
03520
03523
03524
03525
03526
03529
03530
03531
03532
03535
03536
03537
03538
03541
03542
03543
03544
03547
03548
03549
03550
03553
03554
03555
03556
03559
03560
03561
03562
03565
03566
03567
03568
03571
03572
03573
03574
03577
03578
03579
03580
03583
03584
03585
03586
03589
03590
03591
03592
03595
03596
03597
03598
03601
03602
03603
03604
03607
03608
03609
03610
03613
03614
03615
03616
03619
03620
03621
03622
03625
03626
03627
03628
03631
03632
03633
03634
03637
03638
03639
03640
03643
03644
03645
03646
03649
03650
03651
03652
03655
03656
03657
03658
03661
03662
03663
03664
03667
03668
03669
03670
03673
03674
03675
03676
03679
03680
03681
03682
03685
03686
03687
03688
03691
03692
03693
03694
03697
03698
03699
03700
03703
03704
03705
03706
03709
03710
03711
03712
03715
03716
03717
03718
03721
03722
03723
03724
03727
03728
03729
03730
03733
03734
03735
03736
03739
03740
03741
03742
03745
03746
03747
03748
03751
03752
03753
03754
03757
03758
03759
03760
03763
03764
03765
03766
03769
03770
03771
03772
03775
03776
03777
03778
03781
03782
03783
03784
03787
03788
03789
03790
03793
03794
03795
03796
03799
03800
03801
03802
03805
03806
03807
03808
03811
03812
03813
03814
03817
03818
03819
03820
03823
03824
03825
03826
03829
03830
03831
03832
03835
03836
03837
03838
03841
03842
03843
03844
03847
03848
03849
03850
03853
03854
03855
03856
03859
03860
03861
03862
03865
03866
03867
03868
03871
03872
03873
03874
03877
03878
03879
03880
03883
03884
03885
03886
03889
03890
03891
03892
03895
03896
03897
03898
03901
03902
03903
03904
03907
03908
03909
03910
03913
03914
03915
03916
03919
03920
03921
03922
03925
03926
03927
03928
03931
03932
03933
03934
03937
03938
03939
03940
03943
03944
03945
03946
03949
03950
03951
03952
03955
03956
03957
03958
03961
03962
03963
03964
03967
03968
03969
03970
03973
03974
03975
03976
03979
03980
03981
03982
03985
03986
03987
03988
03991
03992
03993
03994
03997
03998
03999
04000
04003
04004
04005
04006
04009
04010
04011
04012
04015
04016
04017
04018
04021
04022
04023
04024
04027
04028
04029
04030
04033
04034
04035
04036
04039
04040
04041
04042
04045
04046
04047
04048
04051
04052
04053
04054
04057
04058
04059
04060
04063
04064
04065
04066
04069
04070
04071
04072
04075
04076
04077
04078
04081
04082
04083
04084
04087
04088
04089
04090
04093
04094
04095
04096
04099
04100
04101
04102
04105
04106
04107
04108
04111
04112
04113
04114
04117
04118
04119
04120
04123
04124
04125
04126
04129
04130
04131
04132
04135
04136
04137
04138
04141
04142
04143
04144
04147
04148
04149
04150
04153
04154
04155
04156
04159
04160
04161
04162
04165
04166
04167
04168
04171
04172
04173
04174
04177
04178
04179
04180
04183
04184
04185
04186
04189
04190
04191
04192
04195
04196
04197
04198
04201
04202
04203
04204
04207
04208
04209
04210
04213
04214
04215
04216
04219
04220
04221
04222
04225
04226
04227
04228
04231
04232
04233
04234
04237
04238
04239
04240
04243
04244
04245
04246
04249
04250
04251
04252
04255
04256
04257
04258
04261
04262
04263
04264
04267
04268
04269
04270
04273
04274
04275
04276
04279
04280
04281
04282
04285
04286
04287
04288
04291
04292
04293
04294
04297
04298
04299
04300
04303
04304
04305
04306
04309
04310
04311
04312
04315
04316
04317
04318
04321
04322
04323
04324
04327
04328
04329
04330
04333
04334
04335
04336
04339
04340
04341
04342
04345
04346
04347
04348
04351
04352
04353
04354
04357
04358
04359
04360
04363
04364
04365
04366
04369
04370
04371
04372
04375
04376
04377
04378
04381
04382
04383
04384
04387
04388
04389
04390
04393
04394
04395
04396
04399
04400
04401
04402
04405
04406
04407
04408
04411
04412
04413
04414
04417
04418
04419
04420
04423
04424
04425
04426
04429
04430
04431
04432
04435
04436
04437
04438
04441
04442
04443
04444
04447
04448
04449
04450
04453
04454
04455
04456
04459
04460
04461
04462
04465
04466
04467
04468
04471
04472
04473
04474
04477
04478
04479
04480
04483
04484
04485
04486
04489
04490
04491
04492
04495
04496
04497
04498
04501
04502
04503
04504
04507
04508
04509
04510
04513
04514
04515
04516
04519
04520
04521
04522
04525
04526
04527
04528
04531
04532
04533
04534
04537
04538
04539
04540
04543
04544
04545
04546
04549
04550
04551
04552
04555
04556
04557
04558
04561
04562
04563
04564
04567
04568
04569
04570
04573
04574
04575
04576
04579
04580
04581
04582
04585
04586
04587
04588
04591
04592
04593
04594
04597
04598
04599
04600
04603
04604
04605
04606
04609
04610
04611
04612
04615
04616
04617
04618
04621
04622
04623
04624
04627
04628
04629
04630
04633
04634
04635
04636
04639
04640
04641
04642
04645
04646
04647
04648
04651
04652
04653
04654
04657
04658
04659
04660
04663
04664
04665
04666
04669
04670
04671
04672
04675
04676
04677
04678
04681
04682
04683
04684
04687
04688
04689
04690
04693
04694
04695
04696
04699
04700
04701
04702
04705
04706
04707
04708
04711
04712
04713
04714
04717
04718
04719
04720
04723
04724
04725
04726
04729
04730
04731
04732
04735
04736
04737
04738
04741
04742
04743
04744
04747
04748
04749
04750
04753
04754
04755
04756
04759
04760
04761
04762
04765
04766
04767
04768
04771
04772
04773
04774
04777
04778
04779
04780
04783
04784
04785
04786
04789
04790
04791
04792
04795
04796
04797
04798
04801
04802
04803
04804
04807
04808
04809
04810
04813
04814
04815
04816
04819
04820
04821
04822
04825
04826
04827
04828
04831
04832
04833
04834
04837
04838
04839
04840
04843
04844
04845
04846
04849
04850
04851
04852
04855
04856
04857
04858
04861
04862
04863
04864
04867
04868
04869
04870
04873
04874
04875
04876
04879
04880
04881
04882
04885
04886
04887
04888
04891
04892
04893
04894
04897
04898
04899
04900
04903
04904
04905
04906
04909
04910
04911
04912
04915
04916
04917
04918
04921
04922
04923
04924
04927
04928
04929
04930
04933
04934
04935
04936
04939
04940
04941
04942
04945
04946
04947
04948
04951
04952
04953
04954
04957
04958
04959
04960
04963
04964
04965
04966
04969
04970
04971
04972
04975
04976
04977
04978
04981
04982
04983
04984
04987
04988
04989
04990
04993
04994
04995
04996
04999
05000
05001
05002
05005
05006
05007
05008
05011
05012
05013
05014
05017
05018
05019
05020
05023
05024
05025
05026
05029
05030
05031
05032
05035
05036
05037
05038
05041
05042
05043
05044
05047
05048
05049
05050
05053
05054
05055
05056
05059
05060
05061
05062
05065
05066
05067
05068
05071
05072
05073
05074
05077
05078
05079
05080
05083
05084
05085
05086
05089
05090
05091
05092
05095
05096
05097
05098
05101
05102
05103
05104
05107
05108
05109
05110
05113
05114
05115
05116
05119
05120
05121
05122
05125
05126
05127
05128
05131
05132
05133
05134
05137
05138
05139
05140
05143
05144
05145
05146
05149
05150
05151
05152
05155
05156
05157
05158
05161
05162
05163
05164
05167
05168
05169
05170
05173
05174
05175
05176
05179
05180
05181
05182
05185
05186
05187
05188
05191
05192
05193
05194
05197
05198
05199
05200
05203
05204
05205
05206
05209
05210
05211
05212
05215
05216
05217
05218
05221
05222
05223
05224
05227
05228
05229
05230
05233
05234
05235
05236
05239
05240
05241
05242
05245
05246
05247
05248
05251
05252
05253
05254
05257
05258
05259
05260
05263
05264
05265
05266
05269
05270
05271
05272
05275
05276
05277
05278
05281
05282
05283
05284
05287
05288
05289
05290
05293
05294
05295
05296
05299
05300
05301
05302
05305
05306
05307
05308
05311
05312
05313
05314
05317
05318
05319
05320
05323
05324
05325
05326
05329
05330
05331
05332
05335
05336
05337
05338
05341
05342
05343
05344
05347
05348
05349
05350
05353
05354
05355
05356
05359
05360
05361
05362
05365
05366
05367
05368
05371
05372
05373
05374
05377
05378
05379
05380
05383
05384
05385
05386
05389
05390
05391
05392
05395
05396
05397
05398
05401
05402
05403
05404
05407
05408
05409
05410
05413
05414
05415
05416
05419
05420
05421
05422
05425
05426
05427
05428
05431
05432
05433
05434
05437
05438
05439
05440
05443
05444
05445
05446
05449
05450
05451
05452
05455
05456
05457
05458
05461
05462
05463
05464
05467
05468
05469
05470
05473
05474
05475
05476
05479
05480
05481
05482
05485
05486
05487
05488
05491
05492
05493
05494
05497
05498
05499
05500
05503
05504
05505
05506
05509
05510
05511
05512
05515
05516
05517
05518
05521
05522
05523
05524
05527
05528
05529
05530
05533
05534
05535
05536
05539
05540
05541
05542
05545
05546
05547
05548
05551
05552
05553
05554
05557
05558
05559
05560
05563
05564
05565
05566
05569
05570
05571
05572
05575
05576
05577
05578
05581
05582
05583
05584
05587
05588
05589
05590
05593
05594
05595
05596
05599
05600
05601
05602
05605
05606
05607
05608
05611
05612
05613
05614
05617
05618
05619
05620
05623
05624
05625
05626
05629
05630
05631
05632
05635
05636
05637
05638
05641
05642
05643
05644
05647
05648
05649
05650
05653
05654
05655
05656
05659
05660
05661
05662
05665
05666
05667
05668
05671
05672
05673
05674
05677
05678
05679
05680
05683
05684
05685
05686
05689
05690
05691
05692
05695
05696
05697
05698
05701
05702
05703
05704
05707
05708
05709
05710
05713
05714
05715
05716
05719
05720
05721
05722
05725
05726
05727
05728
05731
05732
05733
05734
05737
05738
05739
05740
05743
05744
05745
05746
05749
05750
05751
05752
05755
05756
05757
05758
05761
05762
05763
05764
05767
05768
05769
05770
05773
05774
05775
05776
05779
05780
05781
05782
05785
05786
05787
05788
05791
05792
05793
05794
05797
05798
05799
05800
05803
05804
05805
05806
05809
05810
05811
05812
05815
05816
05817
05818
05821
05822
05823
05824
05827
05828
05829
05830
05833
05834
05835
05836
05839
05840
05841
05842
05845
05846
05847
05848
05851
05852
05853
05854
05857
05858
05859
05860
05863
05864
05865
05866
05869
05870
05871
05872
05875
05876
05877
05878
05881
05882
05883
05884
05887
05888
05889
05890
05893
05894
05895
05896
05899
05900
05901
05902
05905
05906
05907
05908
05911
05912
05913
05914
05917
05918
05919
05920
05923
05924
05925
05926
05929
05930
05931
05932
05935
05936
05937
05938
05941
05942
05943
05944
05947
05948
05949
05950
05953
05954
05955
05956
05959
05960
05961
05962
05965
05966
05967
05968
05971
05972
05973
05974
05977
05978
05979
05980
05983
05984
05985
05986
05989
05990
05991
05992
05995
05996
05997
05998
06001
06002
06003
06004
06007
06008
06009
06010
06013
06014
06015
06016
06019
06020
06021
06022
06025
06026
06027
06028
06031
06032
06033
06034
06037
06038
06039
06040
06043
06044
06045
06046
06049
06050
06051
06052
06055
06056
06057
06058
06061
06062
06063
06064
06067
06068
06069
06070
06073
06074
06075
06076
06079
06080
06081
06082
06085
06086
06087
06088
06091
06092
06093
06094
06097
06098
06099
06100
06103
06104
06105
06106
06109
06110
06111
06112
06115
06116
06117
06118
06121
06122
06123
06124
06127
06128
06129
06130
06133
06134
06135
06136
06139
06140
06141
06142
06145
06146
06147
06148
06151
06152
06153
06154
06157
06158
06159
06160
06163
06164
06165
06166
06169
06170
06171
06172
06175
06176
06177
06178
06181
06182
06183
06184
06187
06188
06189
06190
06193
06194
06195
06196
06199
06200
06201
06202
06205
06206
06207
06208
06211
06212
06213
06214
06217
06218
06219
06220
06223
06224
06225
06226
06229
06230
06231
06232
06235
06236
06237
06238
06241
06242
06243
06244
06247
06248
06249
06250
06253
06254
06255
06256
06259
06260
06261
06262
06265
06266
06267
06268
06271
06272
06273
06274
06277
06278
06279
06280
06283
06284
06285
06286
06289
06290
06291
06292
06295
06296
06297
06298
06301
06302
06303
06304
06307
06308
06309
06310
06313
06314
06315
06316
06319
06320
06321
06322
06325
06326
06327
06328
06331
06332
06333
06334
06337
06338
06339
06340
06343
06344
06345
06346
06349
06350
06351
06352
06355
06356
06357
06358
06361
06362
06363
06364
06367
06368
06369
06370
06373
06374
06375
06376
06379
06380
06381
06382
06385
06386
06387
06388
06391
06392
06393
06394
06397
06398
06399
06400
06403
06404
06405
06406
06409
06410
06411
06412
06415
06416
06417
06418
06421
06422
06423
06424
06427
06428
06429
06430
06433
06434
06435
06436
06439
06440
06441
06442
06445
06446
06447
06448
06451
06452
06453
06454
06457
06458
06459
06460
06463
06464
06465
06466
06469
06470
06471
06472
06475
06476
06477
06478
06481
06482
06483
06484
06487
06488
06489
06490
06493
06494
06495
06496
06499
06500
06501
06502
06505
06506
06507
06508
06511
06512
06513
06514
06517
06518
06519
06520
06523
06524
06525
06526
06529
06530
06531
06532
06535
06536
06537
06538
06541
06542
06543
06544
06547
06548
06549
06550
06553
06554
06555
06556
06559
06560
06561
06562
06565
06566
06567
06568
06571
06572
06573
06574
06577
06578
06579
06580
06583
06584
06585
06586
06589
06590
06591
06592
06595
06596
06597
06598
06601
06602
06603
06604
06607
06608
06609
06610
06613
06614
06615
06616
06619
06620
06621
06622
06625
06626
06627
06628
06631
06632
06633
06634
06637
06638
06639
06640
06643
06644
06645
06646
06649
06650
06651
06652
06655
06656
06657
06658
06661
06662
06663
06664
06667
06668
06669
06670
06673
06674
06675
06676
06679
06680
06681
06682
06685
06686
06687
06688
06691
06692
06693
06694
06697
06698
06699
06700
06703
06704
06705
06706
06709
06710
06711
06712
06715
06716
06717
06718
06721
06722
06723
06724
06727
06728
06729
06730
06733
06734
06735
06736
06739
06740
06741
06742
06745
06746
06747
06748
06751
06752
06753
06754
06757
06758
06759
06760
06763
06764
06765
06766
06769
06770
06771
06772
06775
06776
06777
06778
06781
06782
06783
06784
06787
06788
06789
06790
06793
06794
06795
06796
06799
06800
06801
06802
06805
06806
06807
06808
06811
06812
06813
06814
06817
06818
06819
06820
06823
06824
06825
06826
06829
06830
06831
06832
06835
06836
06837
06838
06841
06842
06843
06844
06847
06848
06849
06850
06853
06854
06855
06856
06859
06860
06861
06862
06865
06866
06867
06868
06871
06872
06873
06874
06877
06878
06879
06880
06883
06884
06885
06886
06889
06890
06891
06892
06895
06896
06897
06898
06901
06902
06903
06904
06907
06908
06909
06910
06913
06914
06915
06916
06919
06920
06921
06922
06925
06926
06927
06928
06931
06932
06933
06934
06937
06938
06939
06940
06943
06944
06945
06946
06949
06950
06951
06952
06955
06956
06957
06958
06961
06962
06963
06964
06967
06968
06969
06970
06973
06974
06975
06976
06979
06980
06981
06982
06985
06986
06987
06988
06991
06992
06993
06994
06997
06998
06999
07000
07003
07004
07005
07006
07009
07010
07011
07012
07015
07016
07017
07018
07021
07022
07023
07024
07027
07028
07029
07030
07033
07034
07035
07036
07039
07040
07041
07042
07045
07046
07047
07048
07051
07052
07053
07054
07057
07058
07059
07060
07063
07064
07065
07066
07069
07070
07071
07072
07075
07076
07077
07078
07081
07082
07083
07084
07087
07088
07089
07090
07093
07094
07095
07096
07099
07100
07101
07102
07105
07106
07107
07108
07111
07112
07113
07114
07117
07118
07119
07120
07123
07124
07125
07126
07129
07130
07131
07132
07135
07136
07137
07138
07141
07142
07143
07144
07147
07148
07149
07150
07153
07154
07155
07156
07159
07160
07161
07162
07165
07166
07167
07168
07171
07172
07173
07174
07177
07178
07179
07180
07183
07184
07185
07186
07189
07190
07191
07192
07195
07196
07197
07198
07201
07202
07203
07204
07207
07208
07209
07210
07213
07214
07215
07216
07219
07220
07221
07222
07225
07226
07227
07228
07231
07232
07233
07234
07237
07238
07239
07240
07243
07244
07245
07246
07249
07250
07251
07252
07255
07256
07257
07258
07261
07262
07263
07264
07267
07268
07269
07270
07273
07274
07275
07276
07279
07280
07281
07282
07285
07286
07287
07288
07291
07292
07293
07294
07297
07298
07299
07300
07303
07304
07305
07306
07309
07310
07311
07312
07315
07316
07317
07318
07321
07322
07323
07324
07327
07328
07329
07330
07333
07334
07335
07336
07339
07340
07341
07342
07345
07346
07347
07348
07351
07352
07353
07354
07357
07358
07359
07360
07363
07364
07365
07366
07369
07370
07371
07372
07375
07376
07377
07378
07381
07382
07383
07384
07387
07388
07389
07390
07393
07394
07395
07396
07399
07400
07401
07402
07405
07406
07407
07408
07411
07412
07413
07414
07417
07418
07419
07420
07423
07424
07425
07426
07429
07430
07431
07432
07435
07436
07437
07438
07441
07442
07443
07444
07447
07448
07449
07450
07453
07454
07455
07456
07459
07460
07461
07462
07465
07466
07467
07468
07471
07472
07473
07474
07477
07478
07479
07480
07483
07484
07485
07486
07489
07490
07491
07492
07495
07496
07497
07498
07501
07502
07503
07504
07507
07508
07509
07510
07513
07514
07515
07516
07519
07520
07521
07522
07525
07526
07527
07528
07531
07532
07533
07534
07537
07538
07539
07540
07543
07544
07545
07546
07549
07550
07551
07552
07555
07556
07557
07558
07561
07562
07563
07564
07567
07568
07569
07570
07573
07574
07575
07576
07579
07580
07581
07582
07585
07586
07587
07588
07591
07592
07593
07594
07597
07598
07599
07600
07603
07604
07605
07606
07609
07610
07611
07612
07615
07616
07617
07618
07621
07622
07623
07624
07627
07628
07629
07630
07633
07634
07635
07636
07639
07640
07641
07642
07645
07646
07647
07648
07651
07652
07653
07654
07657
07658
07659
07660
07663
07664
07665
07666
07669
07670
07671
07672
07675
07676
07677
07678
07681
07682
07683
07684
07687
07688
07689
07690
07693
07694
07695
07696
07699
07700
07701
07702
07705
07706
07707
07708
07711
07712
07713
07714
07717
07718
07719
07720
07723
07724
07725
07726
07729
07730
07731
07732
07735
07736
07737
07738
07741
07742
07743
07744
07747
07748
07749
07750
07753
07754
07755
07756
07759
07760
07761
07762
07765
07766
07767
07768
07771
07772
07773
07774
07777
07778
07779
07780
07783
07784
07785
07786
07789
07790
07791
07792
07795
07796
07797
07798
07801
07802
07803
07804
07807
07808
07809
07810
07813
07814
07815
07816
07819
07820
07821
07822
07825
07826
07827
07828
07831
07832
07833
07834
07837
07838
07839
07840
07843
07844
07845
07846
07849
07850
07851
07852
07855
07856
07857
07858
07861
07862
07863
07864
07867
07868
07869
07870
07873
07874
07875
07876
07879
07880
07881
07882
07885
07886
07887
07888
07891
07892
07893
07894
07897
07898
07899
07900
07903
07904
07905
07906
07909
07910
07911
07912
07915
07916
07917
07918
07921
07922
07923
07924
07927
07928
07929
07930
07933
07934
07935
07936
07939
07940
07941
07942
07945
07946
07947
07948
07951
07952
07953
07954
07957
07958
07959
07960
07963
07964
07965
07966
07969
07970
07971
07972
07975
07976
07977
07978
07981
07982
07983
07984
07987
07988
07989
07990
07993
07994
07995
07996
07999
08000
08001
08002
08005
08006
08007
08008
08011
08012
08013
08014
08017
08018
08019
08020
08023
08024
08025
08026
08029
08030
08031
08032
08035
08036
08037
08038
08041
08042
08043
08044
08047
08048
08049
08050
08053
08054
08055
08056
08059
08060
08061
08062
08065
08066
08067
08068
08071
08072
08073
08074
08077
08078
08079
08080
08083
08084
08085
08086
08089
08090
08091
08092
08095
08096
08097
08098
08101
08102
08103
08104
08107
08108
08109
08110
08113
08114
08115
08116
08119
08120
08121
08122
08125
08126
08127
08128
08131
08132
08133
08134
08137
08138
08139
08140
08143
08144
08145
08146
08149
08150
08151
08152
08155
08156
08157
08158
08161
08162
08163
08164
08167
08168
08169
08170
08173
08174
08175
08176
08179
08180
08181
08182
08185
08186
08187
08188
08191
08192
08193
08194
08197
08198
08199
08200
08203
08204
08205
08206
08209
08210
08211
08212
08215
08216
08217
08218
08221
08222
08223
08224
08227
08228
08229
08230
08233
08234
08235
08236
08239
08240
08241
08242
08245
08246
08247
08248
08251
08252
08253
08254
08257
08258
08259
08260
08263
08264
08265
08266
08269
08270
08271
08272
08275
08276
08277
08278
08281
08282
08283
08284
08287
08288
08289
08290
08293
08294
08295
08296
08299
08300
08301
08302
08305
08306
08307
08308
08311
08312
08313
08314
08317
08318
08319
08320
08323
08324
08325
08326
08329
08330
08331
08332
08335
08336
08337
08338
08341
08342
08343
08344
08347
08348
08349
08350
08353
08354
08355
08356
08359
08360
08361
08362
08365
08366
08367
08368
08371
08372
08373
08374
08377
08378
08379
08380
08383
08384
08385
08386
08389
08390
08391
08392
08395
08396
08397
08398
08401
08402
08403
08404
08407
08408
08409
08410
08413
08414
08415
08416
08419
08420
08421
08422
08425
08426
08427
08428
08431
08432
08433
08434
08437
08438
08439
08440
08443
08444
08445
08446
08449
08450
08451
08452
08455
08456
08457
08458
08461
08462
08463
08464
08467
08468
08469
08470
08473
08474
08475
08476
08479
08480
08481
08482
08485
08486
08487
08488
08491
08492
08493
08494
08497
08498
08499
08500
08503
08504
08505
08506
08509
08510
08511
08512
08515
08516
08517
08518
08521
08522
08523
08524
08527
08528
08529
08530
08533
08534
08535
08536
08539
08540
08541
08542
08545
08546
08547
08548
08551
08552
08553
08554
08557
08558
08559
08560
08563
08564
08565
08566
08569
08570
08571
08572
08575
08576
08577
08578
08581
08582
08583
08584
08587
08588
08589
08590
08593
08594
08595
08596
08599
08600
08601
08602
08605
08606
08607
08608
08611
08612
08613
08614
08617
08618
08619
08620
08623
08624
08625
08626
08629
08630
08631
08632
08635
08636
08637
08638
08641
08642
08643
08644
08647
08648
08649
08650
08653
08654
08655
08656
08659
08660
08661
08662
08665
08666
08667
08668
08671
08672
08673
08674
08677
08678
08679
08680
08683
08684
08685
08686
08689
08690
08691
08692
08695
08696
08697
08698
08701
08702
08703
08704
08707
08708
08709
08710
08713
08714
08715
08716
08719
08720
08721
08722
08725
08726
08727
08728
08731
08732
08733
08734
08737
08738
08739
08740
08743
08744
08745
08746
08749
08750
08751
08752
08755
08756
08757
08758
08761
08762
08763
08764
08767
08768
08769
08770
08773
08774
08775
08776
08779
08780
08781
08782
08785
08786
08787
08788
08791
08792
08793
08794
08797
08798
08799
08800
08803
08804
08805
08806
08809
08810
08811
08812
08815
08816
08817
08818
08821
08822
08823
08824
08827
08828
08829
08830
08833
08834
08835
08836
08839
08840
08841
08842
08845
08846
08847
08848
08851
08852
08853
08854
08857
08858
08859
08860
08863
08864
08865
08866
08869
08870
08871
08872
08875
08876
08877
08878
08881
08882
08883
08884
08887
08888
08889
08890
08893
08894
08895
08896
08899
08900
08901
08902
08905
08906
08907
08908
08911
08912
08913
08914
08917
08918
08919
08920
08923
08924
08925
08926
08929
08930
08931
08932
08935
08936
08937
08938
08941
08942
08943
08944
08947
08948
08949
08950
08953
08954
08955
08956
08959
08960
08961
08962
08965
08966
08967
08968
08971
08972
08973
08974
08977
08978
08979
08980
08983
08984
08985
08986
08989
08990
08991
08992
08995
08996
08997
08998
00005
00011
00017
00023
00029
00035
00041
00047
00053
00059
00065
00071
00077
00083
00089
00095
00101
00107
00113
00119
00125
00131
00137
00143
00149
00155
00161
00167
00173
00179
00185
00191
00197
00203
00209
00215
00221
00227
00233
00239
00245
00251
00257
00263
00269
00275
00281
00287
00293
00299
00305
00311
00317
00323
00329
00335
00341
00347
00353
00359
00365
00371
00377
00383
00389
00395
00401
00407
00413
00419
00425
00431
00437
00443
00449
00455
00461
00467
00473
00479
00485
00491
00497
00503
00509
00515
00521
00527
00533
00539
00545
00551
00557
00563
00569
00575
00581
00587
00593
00599
00605
00611
00617
00623
00629
00635
00641
00647
00653
00659
00665
00671
00677
00683
00689
00695
00701
00707
00713
00719
00725
00731
00737
00743
00749
00755
00761
00767
00773
00779
00785
00791
00797
00803
00809
00815
00821
00827
00833
00839
00845
00851
00857
00863
00869
00875
00881
00887
00893
00899
00905
00911
00917
00923
00929
00935
00941
00947
00953
00959
00965
00971
00977
00983
00989
00995
01001
01007
01013
01019
01025
01031
01037
01043
01049
01055
01061
01067
01073
01079
01085
01091
01097
01103
01109
01115
01121
01127
01133
01139
01145
01151
01157
01163
01169
01175
01181
01187
01193
01199
01205
01211
01217
01223
01229
01235
01241
01247
01253
01259
01265
01271
01277
01283
01289
01295
01301
01307
01313
01319
01325
01331
01337
01343
01349
01355
01361
01367
01373
01379
01385
01391
01397
01403
01409
01415
01421
01427
01433
01439
01445
01451
01457
01463
01469
01475
01481
01487
01493
01499
01505
01511
01517
01523
01529
01535
01541
01547
01553
01559
01565
01571
01577
01583
01589
01595
01601
01607
01613
01619
01625
01631
01637
01643
01649
01655
01661
01667
01673
01679
01685
01691
01697
01703
01709
01715
01721
01727
01733
01739
01745
01751
01757
01763
01769
01775
01781
01787
01793
01799
01805
01811
01817
01823
01829
01835
01841
01847
01853
01859
01865
01871
01877
01883
01889
01895
01901
01907
01913
01919
01925
01931
01937
01943
01949
01955
01961
01967
01973
01979
01985
01991
01997
02003
02009
02015
02021
02027
02033
02039
02045
02051
02057
02063
02069
02075
02081
02087
02093
02099
02105
02111
02117
02123
02129
02135
02141
02147
02153
02159
02165
02171
02177
02183
02189
02195
02201
02207
02213
02219
02225
02231
02237
02243
02249
02255
02261
02267
02273
02279
02285
02291
02297
02303
02309
02315
02321
02327
02333
02339
02345
02351
02357
02363
02369
02375
02381
02387
02393
02399
02405
02411
02417
02423
02429
02435
02441
02447
02453
02459
02465
02471
02477
02483
02489
02495
02501
02507
02513
02519
02525
02531
02537
02543
02549
02555
02561
02567
02573
02579
02585
02591
02597
02603
02609
02615
02621
02627
02633
02639
02645
02651
02657
02663
02669
02675
02681
02687
02693
02699
02705
02711
02717
02723
02729
02735
02741
02747
02753
02759
02765
02771
02777
02783
02789
02795
02801
02807
02813
02819
02825
02831
02837
02843
02849
02855
02861
02867
02873
02879
02885
02891
02897
02903
02909
02915
02921
02927
02933
02939
02945
02951
02957
02963
02969
02975
02981
02987
02993
02999
03005
03011
03017
03023
03029
03035
03041
03047
03053
03059
03065
03071
03077
03083
03089
03095
03101
03107
03113
03119
03125
03131
03137
03143
03149
03155
03161
03167
03173
03179
03185
03191
03197
03203
03209
03215
03221
03227
03233
03239
03245
03251
03257
03263
03269
03275
03281
03287
03293
03299
03305
03311
03317
03323
03329
03335
03341
03347
03353
03359
03365
03371
03377
03383
03389
03395
03401
03407
03413
03419
03425
03431
03437
03443
03449
03455
03461
03467
03473
03479
03485
03491
03497
03503
03509
03515
03521
03527
03533
03539
03545
03551
03557
03563
03569
03575
03581
03587
03593
03599
03605
03611
03617
03623
03629
03635
03641
03647
03653
03659
03665
03671
03677
03683
03689
03695
03701
03707
03713
03719
03725
03731
03737
03743
03749
03755
03761
03767
03773
03779
03785
03791
03797
03803
03809
03815
03821
03827
03833
03839
03845
03851
03857
03863
03869
03875
03881
03887
03893
03899
03905
03911
03917
03923
03929
03935
03941
03947
03953
03959
03965
03971
03977
03983
03989
03995
04001
04007
04013
04019
04025
04031
04037
04043
04049
04055
04061
04067
04073
04079
04085
04091
04097
04103
04109
04115
04121
04127
04133
04139
04145
04151
04157
04163
04169
04175
04181
04187
04193
04199
04205
04211
04217
04223
04229
04235
04241
04247
04253
04259
04265
04271
04277
04283
04289
04295
04301
04307
04313
04319
04325
04331
04337
04343
04349
04355
04361
04367
04373
04379
04385
04391
04397
04403
04409
04415
04421
04427
04433
04439
04445
04451
04457
04463
04469
04475
04481
04487
04493
04499
04505
04511
04517
04523
04529
04535
04541
04547
04553
04559
04565
04571
04577
04583
04589
04595
04601
04607
04613
04619
04625
04631
04637
04643
04649
04655
04661
04667
04673
04679
04685
04691
04697
04703
04709
04715
04721
04727
04733
04739
04745
04751
04757
04763
04769
04775
04781
04787
04793
04799
04805
04811
04817
04823
04829
04835
04841
04847
04853
04859
04865
04871
04877
04883
04889
04895
04901
04907
04913
04919
04925
04931
04937
04943
04949
04955
04961
04967
04973
04979
04985
04991
04997
05003
05009
05015
05021
05027
05033
05039
05045
05051
05057
05063
05069
05075
05081
05087
05093
05099
05105
05111
05117
05123
05129
05135
05141
05147
05153
05159
05165
05171
05177
05183
05189
05195
05201
05207
05213
05219
05225
05231
05237
05243
05249
05255
05261
05267
05273
05279
05285
05291
05297
05303
05309
05315
05321
05327
05333
05339
05345
05351
05357
05363
05369
05375
05381
05387
05393
05399
05405
05411
05417
05423
05429
05435
05441
05447
05453
05459
05465
05471
05477
05483
05489
05495
05501
05507
05513
05519
05525
05531
05537
05543
05549
05555
05561
05567
05573
05579
05585
05591
05597
05603
05609
05615
05621
05627
05633
05639
05645
05651
05657
05663
05669
05675
05681
05687
05693
05699
05705
05711
05717
05723
05729
05735
05741
05747
05753
05759
05765
05771
05777
05783
05789
05795
05801
05807
05813
05819
05825
05831
05837
05843
05849
05855
05861
05867
05873
05879
05885
05891
05897
05903
05909
05915
05921
05927
05933
05939
05945
05951
05957
05963
05969
05975
05981
05987
05993
05999
06005
06011
06017
06023
06029
06035
06041
06047
06053
06059
06065
06071
06077
06083
06089
06095
06101
06107
06113
06119
06125
06131
06137
06143
06149
06155
06161
06167
06173
06179
06185
06191
06197
06203
06209
06215
06221
06227
06233
06239
06245
06251
06257
06263
06269
06275
06281
06287
06293
06299
06305
06311
06317
06323
06329
06335
06341
06347
06353
06359
06365
06371
06377
06383
06389
06395
06401
06407
06413
06419
06425
06431
06437
06443
06449
06455
06461
06467
06473
06479
06485
06491
06497
06503
06509
06515
06521
06527
06533
06539
06545
06551
06557
06563
06569
06575
06581
06587
06593
06599
06605
06611
06617
06623
06629
06635
06641
06647
06653
06659
06665
06671
06677
06683
06689
06695
06701
06707
06713
06719
06725
06731
06737
06743
06749
06755
06761
06767
06773
06779
06785
06791
06797
06803
06809
06815
06821
06827
06833
06839
06845
06851
06857
06863
06869
06875
06881
06887
06893
06899
06905
06911
06917
06923
06929
06935
06941
06947
06953
06959
06965
06971
06977
06983
06989
06995
07001
07007
07013
07019
07025
07031
07037
07043
07049
07055
07061
07067
07073
07079
07085
07091
07097
07103
07109
07115
07121
07127
07133
07139
07145
07151
07157
07163
07169
07175
07181
07187
07193
07199
07205
07211
07217
07223
07229
07235
07241
07247
07253
07259
07265
07271
07277
07283
07289
07295
07301
07307
07313
07319
07325
07331
07337
07343
07349
07355
07361
07367
07373
07379
07385
07391
07397
07403
07409
07415
07421
07427
07433
07439
07445
07451
07457
07463
07469
07475
07481
07487
07493
07499
07505
07511
07517
07523
07529
07535
07541
07547
07553
07559
07565
07571
07577
07583
07589
07595
07601
07607
07613
07619
07625
07631
07637
07643
07649
07655
07661
07667
07673
07679
07685
07691
07697
07703
07709
07715
07721
07727
07733
07739
07745
07751
07757
07763
07769
07775
07781
07787
07793
07799
07805
07811
07817
07823
07829
07835
07841
07847
07853
07859
07865
07871
07877
07883
07889
07895
07901
07907
07913
07919
07925
07931
07937
07943
07949
07955
07961
07967
07973
07979
07985
07991
07997
08003
08009
08015
08021
08027
08033
08039
08045
08051
08057
08063
08069
08075
08081
08087
08093
08099
08105
08111
08117
08123
08129
08135
08141
08147
08153
08159
08165
08171
08177
08183
08189
08195
08201
08207
08213
08219
08225
08231
08237
08243
08249
08255
08261
08267
08273
08279
08285
08291
08297
08303
08309
08315
08321
08327
08333
08339
08345
08351
08357
08363
08369
08375
08381
08387
08393
08399
08405
08411
08417
08423
08429
08435
08441
08447
08453
08459
08465
08471
08477
08483
08489
08495
08501
08507
08513
08519
08525
08531
08537
08543
08549
08555
08561
08567
08573
08579
08585
08591
08597
08603
08609
08615
08621
08627
08633
08639
08645
08651
08657
08663
08669
08675
08681
08687
08693
08699
08705
08711
08717
08723
08729
08735
08741
08747
08753
08759
08765
08771
08777
08783
08789
08795
08801
08807
08813
08819
08825
08831
08837
08843
08849
08855
08861
08867
08873
08879
08885
08891
08897
08903
08909
08915
08921
08927
08933
08939
08945
08951
08957
08963
08969
08975
08981
08987
08993
08999